# Flyway 存量序号迁移基线（legacy baseline）
#
# 冻结时刻：2026-08-21，stag 分支。此后新增迁移一律时间戳版本号。
# 本文件列出的版本号是【时间戳制确立之前】已存在的序号制迁移，一律保留原号不改名——
# 它们多数已应用到 prod / petgo_stag，改名会让 Flyway 找不到已应用的迁移而拒绝启动。
# CI 守门只对【不在本名单内】的新增文件强制时间戳格式。
#
# 本文件与树内实际存在的序号迁移保持同步：补录漏网的存量迁移时加号；存量迁移被改成
# 时间戳号（如 572217e0 把 V105/V106 改号为 V20260817_1327/V20260818_1344）时**必须同步移除旧号**——
# 否则失效的豁免号会放行未来同号的全新迁移，绕过时间戳强制，还会与 stag/prod 历史里
# 已应用的旧号撞 checksum。新迁移绝不允许加进来。
# （2026-09-02：移除 105/106，它们已无对应树内文件，见上。）
1
2
3
4
5
6
7
8
9
10
11
12
13
14
15
16
17
18
19
20
21
22
23
24
25
26
27
28
29
30
31
32
33
34
35
36
37
38
39
40
41
42
43
44
45
46
47
48
49
50
51
52
53
54
55
56
57
58
59
60
61
62
63
64
65
66
67
68
69
70
71
72
73
74
75
76
77
78
79
80
81
82
83
84
85
86
87
88
89
90
91
92
93
94
95
96
97
98
99
100
101
102
103
104
107
108
